btc_usd: 1019.37
btc_eur: 942.538044
btc_gbp: 821.229956
btc_jpy: 113346.501253
btc_cad: 1350.257502
btc_aud: 1333.488866
btc_cny: 7025.905788
btc_chf: 1011.369984
btc_sek: 9001.988172
btc_nzd: 1454.988595
btc_krw: 1134997.1391
btc_aed: 3744.160281
btc_afn: 68068.853769
btc_all: 127614.9303
btc_amd: 494883.7476
btc_ang: 1820.978103
btc_aoa: 169125.205755
btc_ars: 16303.090221
btc_awg: 1834.861923
btc_azn: 1738.02585
btc_bam: 1843.259493
btc_bbd: 2038.74
btc_bdt: 82112.851874
btc_bgn: 1843.107606
btc_bhd: 384.297393
btc_bif: 1730176.701
btc_bmd: 1019.37
btc_bnd: 1420.479863
btc_bob: 7068.353374
btc_brl: 3200.8218
btc_bsd: 1019.37
btc_btn: 66263.864485
btc_bwp: 10517.240902
btc_byr: 20414158.4625
btc_bzd: 2056.214041
btc_cdf: 1377778.63063
btc_clf: 25.380274
btc_clp: 678027.496772
btc_cop: 2981229.1146
btc_crc: 568466.97105
btc_cup: 25207.371779
btc_cve: 104383.488
btc_czk: 25468.18269
btc_djf: 182436.6489
btc_dkk: 7012.57039
btc_dop: 48156.567855
btc_dzd: 111391.65675
btc_eek: 14721.728288
btc_egp: 18598.915335
btc_etb: 23291.079522
btc_fjd: 2118.853308
btc_fkp: 821.229956
btc_gel: 2490.534978
btc_ghs: 4454.839561
btc_gip: 821.229956
btc_gmd: 46044.9429
btc_gnf: 9597266.613
btc_gtq: 7510.810923
btc_gyd: 212778.19695
btc_hkd: 7918.82294
btc_hnl: 23966.115511
btc_hrk: 7009.239089
btc_htg: 70427.763615
btc_huf: 291946.98594
btc_idr: 13577015.941368
btc_ils: 3685.516944
btc_inr: 66212.668665
btc_iqd: 1194752.6085
btc_irr: 33055885.665328
btc_isk: 112915.6149
btc_jep: 821.229956
btc_jmd: 131850.41265
btc_jod: 723.246073
btc_kes: 104847.847732
btc_kgs: 69983.114421
btc_khr: 4085889.8025
btc_kmf: 464543.845833
btc_kpw: 917524.7433
btc_kwd: 310.64893
btc_kyd: 852.530731
btc_kzt: 322350.27825
btc_lak: 8278772.941159
btc_lbp: 1540879.692
btc_lkr: 155453.410218
btc_lrd: 95816.962459
btc_lsl: 13237.885406
btc_ltl: 3248.725054
btc_lvl: 661.260222
btc_lyd: 1446.639955
btc_mad: 10161.198407
btc_mdl: 19895.553975
btc_mga: 3298732.2885
btc_mkd: 58037.83095
btc_mmk: 1400257.6005
btc_mnt: 2497527.522566
btc_mop: 8184.598183
btc_mro: 368012.9574
btc_mur: 35879.78526
btc_mvr: 15790.149353
btc_mwk: 742284.8466
btc_mxn: 19394.245138
btc_myr: 4506.600111
btc_mzn: 69824.832764
btc_nad: 13164.551928
btc_ngn: 321962.91765
btc_nio: 30168.25515
btc_nok: 8685.212828
btc_npr: 106554.7461
btc_omr: 392.487012
btc_pab: 1019.37
btc_pen: 3306.322518
btc_pgk: 3246.853491
btc_php: 51177.216008
btc_pkr: 107213.322321
btc_pln: 3997.228058
btc_pyg: 5775036.861
btc_qar: 3711.831981
btc_ron: 4290.830064
btc_rsd: 116753.54295
btc_rub: 58076.770884
btc_rwf: 858340.1211
btc_sar: 3822.841374
btc_sbd: 7932.555892
btc_scr: 13733.16365
btc_sdg: 6837.615917
btc_sgd: 1424.122072
btc_shp: 821.229956
btc_sll: 7621300.87428
btc_sos: 591723.8976
btc_srd: 7696.2435
btc_std: 23046402.799897
btc_svc: 8951.477369
btc_syp: 218491.7658
btc_szl: 13196.741594
btc_thb: 35198.8461
btc_tjs: 8429.991123
btc_tmt: 3577.968313
btc_tnd: 2303.158462
btc_top: 2326.3634
btc_try: 3728.77391
btc_ttd: 6884.239862
btc_twd: 30805.871085
btc_tzs: 2283032.0205
btc_uah: 27755.642854
btc_ugx: 3687570.975
btc_uyu: 29075.876851
btc_uzs: 3631352.7195
btc_vef: 10178.431876
btc_vnd: 23204533.036999
btc_vuv: 109530.834532
btc_wst: 2607.153964
btc_xaf: 618348.66055
btc_xag: 56.477165
btc_xau: 0.816485
btc_xcd: 2754.898394
btc_xof: 619081.569232
btc_xpf: 112891.758584
btc_yer: 255129.597406
btc_zar: 13252.342111
btc_zmw: 9758.101792
btc_zwl: 328631.887974
