BTC_USD: 1019.37
BTC_EUR: 942.538044
BTC_GBP: 821.229956
BTC_JPY: 113346.501253
BTC_CAD: 1350.257502
BTC_AUD: 1333.488866
BTC_CNY: 7025.905788
BTC_CHF: 1011.369984
BTC_SEK: 9001.988172
BTC_NZD: 1454.988595
BTC_KRW: 1134997.1391
BTC_AED: 3744.160281
BTC_AFN: 68068.853769
BTC_ALL: 127614.9303
BTC_AMD: 494883.7476
BTC_ANG: 1820.978103
BTC_AOA: 169125.205755
BTC_ARS: 16303.090221
BTC_AWG: 1834.861923
BTC_AZN: 1738.02585
BTC_BAM: 1843.259493
BTC_BBD: 2038.74
BTC_BDT: 82112.851874
BTC_BGN: 1843.107606
BTC_BHD: 384.297393
BTC_BIF: 1730176.701
BTC_BMD: 1019.37
BTC_BND: 1420.479863
BTC_BOB: 7068.353374
BTC_BRL: 3200.8218
BTC_BSD: 1019.37
BTC_BTN: 66263.864485
BTC_BWP: 10517.240902
BTC_BYR: 20414158.4625
BTC_BZD: 2056.214041
BTC_CDF: 1377778.63063
BTC_CLF: 25.380274
BTC_CLP: 678027.496772
BTC_COP: 2981229.1146
BTC_CRC: 568466.97105
BTC_CUP: 25207.371779
BTC_CVE: 104383.488
BTC_CZK: 25468.18269
BTC_DJF: 182436.6489
BTC_DKK: 7012.57039
BTC_DOP: 48156.567855
BTC_DZD: 111391.65675
BTC_EEK: 14721.728288
BTC_EGP: 18598.915335
BTC_ETB: 23291.079522
BTC_FJD: 2118.853308
BTC_FKP: 821.229956
BTC_GEL: 2490.534978
BTC_GHS: 4454.839561
BTC_GIP: 821.229956
BTC_GMD: 46044.9429
BTC_GNF: 9597266.613
BTC_GTQ: 7510.810923
BTC_GYD: 212778.19695
BTC_HKD: 7918.82294
BTC_HNL: 23966.115511
BTC_HRK: 7009.239089
BTC_HTG: 70427.763615
BTC_HUF: 291946.98594
BTC_IDR: 13577015.941368
BTC_ILS: 3685.516944
BTC_INR: 66212.668665
BTC_IQD: 1194752.6085
BTC_IRR: 33055885.665328
BTC_ISK: 112915.6149
BTC_JEP: 821.229956
BTC_JMD: 131850.41265
BTC_JOD: 723.246073
BTC_KES: 104847.847732
BTC_KGS: 69983.114421
BTC_KHR: 4085889.8025
BTC_KMF: 464543.845833
BTC_KPW: 917524.7433
BTC_KWD: 310.64893
BTC_KYD: 852.530731
BTC_KZT: 322350.27825
BTC_LAK: 8278772.941159
BTC_LBP: 1540879.692
BTC_LKR: 155453.410218
BTC_LRD: 95816.962459
BTC_LSL: 13237.885406
BTC_LTL: 3248.725054
BTC_LVL: 661.260222
BTC_LYD: 1446.639955
BTC_MAD: 10161.198407
BTC_MDL: 19895.553975
BTC_MGA: 3298732.2885
BTC_MKD: 58037.83095
BTC_MMK: 1400257.6005
BTC_MNT: 2497527.522566
BTC_MOP: 8184.598183
BTC_MRO: 368012.9574
BTC_MUR: 35879.78526
BTC_MVR: 15790.149353
BTC_MWK: 742284.8466
BTC_MXN: 19394.245138
BTC_MYR: 4506.600111
BTC_MZN: 69824.832764
BTC_NAD: 13164.551928
BTC_NGN: 321962.91765
BTC_NIO: 30168.25515
BTC_NOK: 8685.212828
BTC_NPR: 106554.7461
BTC_OMR: 392.487012
BTC_PAB: 1019.37
BTC_PEN: 3306.322518
BTC_PGK: 3246.853491
BTC_PHP: 51177.216008
BTC_PKR: 107213.322321
BTC_PLN: 3997.228058
BTC_PYG: 5775036.861
BTC_QAR: 3711.831981
BTC_RON: 4290.830064
BTC_RSD: 116753.54295
BTC_RUB: 58076.770884
BTC_RWF: 858340.1211
BTC_SAR: 3822.841374
BTC_SBD: 7932.555892
BTC_SCR: 13733.16365
BTC_SDG: 6837.615917
BTC_SGD: 1424.122072
BTC_SHP: 821.229956
BTC_SLL: 7621300.87428
BTC_SOS: 591723.8976
BTC_SRD: 7696.2435
BTC_STD: 23046402.799897
BTC_SVC: 8951.477369
BTC_SYP: 218491.7658
BTC_SZL: 13196.741594
BTC_THB: 35198.8461
BTC_TJS: 8429.991123
BTC_TMT: 3577.968313
BTC_TND: 2303.158462
BTC_TOP: 2326.3634
BTC_TRY: 3728.77391
BTC_TTD: 6884.239862
BTC_TWD: 30805.871085
BTC_TZS: 2283032.0205
BTC_UAH: 27755.642854
BTC_UGX: 3687570.975
BTC_UYU: 29075.876851
BTC_UZS: 3631352.7195
BTC_VEF: 10178.431876
BTC_VND: 23204533.036999
BTC_VUV: 109530.834532
BTC_WST: 2607.153964
BTC_XAF: 618348.66055
BTC_XAG: 56.477165
BTC_XAU: 0.816485
BTC_XCD: 2754.898394
BTC_XOF: 619081.569232
BTC_XPF: 112891.758584
BTC_YER: 255129.597406
BTC_ZAR: 13252.342111
BTC_ZMW: 9758.101792
BTC_ZWL: 328631.887974
