BTC_USD: 1026.4
BTC_EUR: 946.00003
BTC_RUB: 59237.26001
USD_RUB: 58
EUR_RUB: 62.4808
