btc_usd: 1026.4
btc_eur: 946.00003
btc_rub: 59237.26001
usd_rub: 58
eur_rub: 62.4808
