BTC_USD: 2529.71200
BTC_EUR: 2203.08100
LTC_USD: 46.62000
LTC_EUR: 40.69894
