btc_usd: 2529.71200
btc_eur: 2203.08100
ltc_usd: 46.62000
ltc_eur: 40.69894
